NB time 0.0011812420000000268
NB Accuracy 0.857
             precision    recall  f1-score   support

          9       0.93      0.90      0.92        91
         17       0.75      0.85      0.80       104
          7       0.92      0.86      0.89       107
          3       0.87      0.88      0.87       113
         10       0.87      0.80      0.83       112
         13       0.88      0.87      0.88       101
         19       0.91      0.93      0.92       103
          2       0.96      0.71      0.82       101
          8       0.95      0.84      0.89       104
          4       0.82      0.95      0.88       102
         15       0.88      0.86      0.87        99
         14       0.84      0.83      0.84        98
          6       0.87      0.96      0.91       106
         16       0.83      0.93      0.88        97
         20       0.80      0.86      0.83        91
          1       0.90      0.93      0.91        96
         18       0.88      0.88      0.88        84
         11       0.75      0.85      0.80        89
          5       0.89      0.63      0.74       104
         12       0.73      0.84      0.78        98

avg / total       0.86      0.86      0.86      2000

Confusion Matrix [[ 82   2   0   0   0   1   0   0   0   0   0   0   1   1   2   0   0   0
    1   1]
 [  0  88   0   0   3   0   0   0   0   2   0   1   0   2   2   1   2   1
    1   1]
 [  0   0  92   8   1   0   1   0   0   1   0   0   1   0   0   0   1   1
    0   1]
 [  0   0   4  99   1   0   0   0   0   2   0   5   1   0   0   1   0   0
    0   0]
 [  0   4   0   0  90   0   1   0   0   1   9   0   2   0   1   1   0   2
    0   1]
 [  1   1   1   0   1  88   0   0   0   1   0   0   0   2   2   0   1   3
    0   0]
 [  1   0   0   0   0   1  96   0   0   2   0   0   1   1   1   0   0   0
    0   0]
 [  0   2   2   3   1   1   1  72   3   1   1   3   0   0   1   1   1   4
    1   3]
 [  3   1   0   0   0   0   0   0  87   0   0   2   4   2   4   0   0   1
    0   0]
 [  0   0   0   0   2   1   0   0   0  97   0   0   0   0   1   0   0   1
    0   0]
 [  0   2   0   0   3   1   1   0   0   1  85   0   0   0   0   1   0   1
    0   4]
 [  0   1   0   1   0   2   1   0   0   7   0  81   1   0   1   1   0   0
    0   2]
 [  0   0   0   0   0   1   1   0   0   1   0   0 102   0   1   0   0   0
    0   0]
 [  0   1   0   0   0   0   1   0   0   0   0   1   0  90   1   0   0   3
    0   0]
 [  0   3   0   1   1   1   1   0   0   0   0   0   0   3  78   0   0   0
    0   3]
 [  1   2   0   1   0   0   0   0   0   1   0   1   0   0   1  89   0   0
    0   0]
 [  0   3   0   0   0   0   0   0   0   0   1   0   1   0   0   0  74   1
    2   2]
 [  0   3   0   0   0   1   0   0   0   1   0   1   0   4   0   0   1  76
    0   2]
 [  0   3   1   1   1   1   2   2   2   1   1   0   2   2   1   3   4   1
   66  10]
 [  0   1   0   0   0   1   0   1   0   0   0   1   1   1   0   1   0   6
    3  82]]
OnevsRest Time 0.0024405190000000854
OnevsRest Accuracy 0.894
             precision    recall  f1-score   support

          9       1.00      0.92      0.96        91
         17       0.86      0.86      0.86       104
          7       0.92      0.88      0.90       107
          3       0.92      0.95      0.93       113
         10       0.93      0.88      0.91       112
         13       0.91      0.92      0.92       101
         19       0.89      0.91      0.90       103
          2       0.96      0.84      0.89       101
          8       0.93      0.90      0.92       104
          4       0.93      0.93      0.93       102
         15       0.93      0.92      0.92        99
         14       0.89      0.92      0.90        98
          6       0.97      0.97      0.97       106
         16       0.93      0.91      0.92        97
         20       0.78      0.91      0.84        91
          1       0.95      0.97      0.96        96
         18       0.96      0.87      0.91        84
         11       0.81      0.87      0.84        89
          5       0.71      0.81      0.75       104
         12       0.77      0.73      0.75        98

avg / total       0.90      0.89      0.89      2000

Confusion Matrix [[ 84   0   0   0   0   0   0   0   1   0   1   0   1   1   1   0   0   0
    1   1]
 [  0  89   1   0   2   0   1   0   1   1   0   2   0   0   2   2   0   0
    1   2]
 [  0   0  94   5   0   0   1   0   0   1   1   1   0   0   1   0   1   2
    0   0]
 [  0   0   4 107   0   1   0   0   0   0   0   0   0   0   0   0   1   0
    0   0]
 [  0   2   0   0  99   0   1   0   0   0   2   1   0   1   1   0   0   1
    2   2]
 [  0   1   1   0   0  93   0   0   0   0   0   0   0   0   2   1   0   3
    0   0]
 [  0   0   1   0   1   3  94   0   1   0   0   0   0   1   1   0   0   0
    0   1]
 [  0   2   0   0   0   0   1  85   0   0   1   1   0   1   1   0   0   1
    5   3]
 [  0   2   0   0   0   0   1   0  94   0   0   0   1   0   3   0   0   1
    1   1]
 [  0   0   0   0   2   1   0   0   0  95   0   1   0   0   0   0   0   1
    2   0]
 [  0   1   0   0   1   1   1   0   1   0  91   0   0   0   0   0   0   1
    1   1]
 [  0   0   0   2   0   1   0   1   0   2   0  90   0   0   1   1   0   0
    0   0]
 [  0   0   0   0   0   0   0   0   0   1   0   1 103   0   1   0   0   0
    0   0]
 [  0   1   0   0   0   0   2   0   0   0   0   0   1  88   1   0   0   4
    0   0]
 [  0   0   0   1   0   1   1   0   1   0   0   0   0   1  83   0   0   0
    0   3]
 [  0   0   0   1   0   0   0   0   0   0   1   0   0   0   0  93   0   1
    0   0]
 [  0   0   0   0   0   0   0   2   1   0   1   0   0   0   1   0  73   1
    4   1]
 [  0   2   0   0   0   0   0   0   0   1   0   2   0   0   1   0   0  77
    4   2]
 [  0   2   1   0   1   0   2   1   1   1   0   0   0   0   4   0   1   1
   84   5]
 [  0   2   0   0   0   1   1   0   0   0   0   2   0   2   2   1   0   1
   14  72]]
OnevsOne Time 0.05751569699999992
OnevsOne Accuracy 0.862
             precision    recall  f1-score   support

          9       0.99      0.91      0.95        91
         17       0.83      0.80      0.81       104
          7       0.95      0.84      0.89       107
          3       0.93      0.94      0.93       113
         10       0.93      0.86      0.89       112
         13       0.92      0.86      0.89       101
         19       0.92      0.90      0.91       103
          2       0.87      0.80      0.84       101
          8       0.96      0.90      0.93       104
          4       0.97      0.92      0.94       102
         15       0.84      0.90      0.87        99
         14       0.87      0.88      0.87        98
          6       0.97      0.97      0.97       106
         16       0.92      0.88      0.90        97
         20       0.74      0.89      0.81        91
          1       0.95      0.93      0.94        96
         18       0.93      0.85      0.89        84
         11       0.77      0.81      0.79        89
          5       0.51      0.71      0.60       104
         12       0.67      0.68      0.68        98

avg / total       0.87      0.86      0.87      2000

Confusion Matrix [[ 83   0   0   0   0   0   0   0   1   0   1   0   1   1   2   0   0   0
    1   1]
 [  0  83   1   0   3   0   0   2   0   1   1   2   0   0   2   0   0   0
    6   3]
 [  0   0  90   5   0   0   0   0   0   0   0   1   0   0   2   1   0   2
    2   4]
 [  0   1   3 106   0   1   0   0   0   0   0   1   0   0   0   0   1   0
    0   0]
 [  0   2   0   0  96   0   0   1   0   0   3   0   1   1   0   1   0   1
    3   3]
 [  0   1   1   0   0  87   0   0   1   0   2   0   0   0   3   1   0   3
    1   1]
 [  0   0   0   0   1   2  93   0   1   0   0   0   0   0   4   0   0   1
    1   0]
 [  0   1   0   0   1   0   0  81   0   1   1   1   0   1   2   0   0   1
    7   4]
 [  0   0   0   0   0   0   1   1  94   0   0   1   1   1   2   0   1   0
    2   0]
 [  0   0   0   0   1   0   0   0   0  94   1   1   0   0   1   0   0   1
    3   0]
 [  0   0   0   0   0   0   2   1   0   0  89   1   0   0   0   0   1   1
    3   1]
 [  0   1   0   1   0   2   0   2   0   1   1  86   0   0   0   0   0   0
    2   2]
 [  1   0   0   0   0   1   0   0   0   0   0   0 103   0   0   0   0   0
    1   0]
 [  0   1   0   0   0   0   1   0   0   0   0   1   0  85   2   0   0   6
    0   1]
 [  0   1   0   0   0   0   1   1   0   0   1   0   0   2  81   0   0   0
    2   2]
 [  0   0   0   1   0   1   0   0   0   0   1   1   0   0   0  89   0   2
    1   0]
 [  0   1   0   0   0   0   0   1   0   0   0   0   0   0   2   0  71   1
    7   1]
 [  0   4   0   0   0   0   1   1   0   0   0   0   0   0   2   1   0  72
    7   1]
 [  0   2   0   0   1   0   2   2   1   0   4   1   0   0   4   0   2   2
   74   9]
 [  0   2   0   1   0   1   0   0   0   0   1   2   0   1   0   1   0   1
   21  67]]
SGD Time 0.0028602280000002978
SGD Accuracy 0.8905
             precision    recall  f1-score   support

          9       0.95      0.92      0.94        91
         17       0.83      0.88      0.86       104
          7       0.92      0.88      0.90       107
          3       0.89      0.93      0.91       113
         10       0.92      0.88      0.89       112
         13       0.90      0.93      0.91       101
         19       0.90      0.91      0.90       103
          2       0.94      0.84      0.89       101
          8       0.91      0.90      0.91       104
          4       0.92      0.96      0.94       102
         15       0.91      0.94      0.93        99
         14       0.95      0.92      0.93        98
          6       0.94      0.98      0.96       106
         16       0.83      0.92      0.87        97
         20       0.80      0.90      0.85        91
          1       0.92      0.97      0.94        96
         18       0.94      0.87      0.90        84
         11       0.88      0.82      0.85        89
          5       0.78      0.73      0.76       104
         12       0.80      0.71      0.75        98

avg / total       0.89      0.89      0.89      2000

Confusion Matrix [[ 84   0   0   0   0   0   0   0   2   0   0   0   1   1   2   0   0   0
    1   0]
 [  0  92   0   0   2   0   1   0   0   0   0   1   1   1   2   1   1   0
    1   1]
 [  0   0  94   5   0   0   2   0   0   1   0   0   1   0   1   0   1   1
    1   0]
 [  0   0   3 105   1   1   0   0   0   0   0   2   0   0   0   0   1   0
    0   0]
 [  0   2   0   0  98   0   0   0   0   1   6   0   1   0   1   0   0   0
    1   2]
 [  0   1   1   0   0  94   0   0   1   1   0   0   0   1   0   1   0   1
    0   0]
 [  0   1   0   0   0   2  94   0   2   1   0   0   0   1   2   0   0   0
    0   0]
 [  0   2   0   3   0   2   1  85   0   0   1   0   1   2   0   0   0   0
    3   1]
 [  2   1   0   1   0   0   1   0  94   0   0   0   1   2   1   0   0   1
    0   0]
 [  0   0   0   0   1   0   0   0   0  98   0   0   0   0   1   1   0   1
    0   0]
 [  0   0   0   0   1   1   1   0   0   1  93   0   0   0   0   0   0   0
    0   2]
 [  0   1   0   0   1   1   0   1   0   1   0  90   0   1   0   1   0   0
    0   1]
 [  0   0   0   0   0   0   1   0   0   0   0   0 104   0   1   0   0   0
    0   0]
 [  0   1   0   0   0   0   0   0   0   0   0   1   0  89   1   1   0   3
    0   1]
 [  0   0   1   1   0   1   2   0   0   0   0   0   0   2  82   0   0   0
    0   2]
 [  1   0   0   1   0   0   0   0   0   1   0   0   0   0   0  93   0   0
    0   0]
 [  0   2   0   0   1   0   0   2   1   0   0   0   0   1   0   0  73   0
    3   1]
 [  0   4   0   1   0   2   0   1   0   2   0   0   0   1   2   0   1  73
    1   1]
 [  0   2   3   1   1   0   2   1   3   0   1   0   0   2   2   2   1   1
   76   6]
 [  1   2   0   0   1   1   0   0   0   0   1   1   1   3   4   1   0   2
   10  70]]
